41380
36793
1689
25397
857
22199
4744
41433
19429
29223
8676
22147
24531
6547
9989
15039
11111
21995
9919
12967
12581
39195
10396
20787
11285
11633
36456
10719
24913
38186
14345
10163
12293
513
28999
14741
34382
2167
1575
32887
32887
37348
12549
16592
12893
35849
15583
34497
1535
28223
38000
9379
16512
37520
223
9330
6746
5630
32901
25537
22297
356
9367
28907
25183
14131
37349
39576
27631
33783
17895
8425
37105
17729
10793
15729
38816
8630
11617
8074
20853
10079
10408
12189
9041
11013
41623
9750
14765
35639
28623
7054
41930
16009
1691
6045
36098
32281
2927
17741
7593
28851
11887
38889
8841
18153
7148
31251
93
32792
17247
24455
19769
35062
12445
10213
40496
14833
33487
10397
10110
40729
10620
5081
2926
41168
10589
4437
13667
8246
6325
1735
14293
18897
19815
20507
18095
6512
11933
6324
4155
14199
32729
34136
8769
19369
29803
11179
22535
6201
30296
39587
18039
13599
28497
23277
36885
17777
12531
20047
13759
2476
21033
5940
38329
37450
20973
4063
355
16498
79
11577
9253
18277
5681
16524
11757
36475
20021
31765
36470
30911
35790
195
37430
22687
23283
2236
20785
19117
21353
22319
7654
16011
14227
18139
41389
4224
25157
2129
36539
34902
39741
33352
38826
21085
35968
14813
28677
8861
35507
23273
28497
1195
14075
